234.0,160.0,10.0,5
236.0,217.0,88.0,9
241.0,216.0,2.0,14
253.0,218.0,89.0,12
254.0,193.0,28.0,6
225.0,172.0,12.0,18
104.0,81.0,50.0,34
253.0,227.0,16.0,6
245.0,210.0,18.0,18
102.0,77.0,47.0,34
254.0,192.0,27.0,6
242.0,183.0,2.0,8
254.0,197.0,11.0,11
230.0,154.0,4.0,5
253.0,224.0,20.0,14
254.0,199.0,7.0,11
216.0,175.0,58.0,12
254.0,202.0,4.0,11
254.0,206.0,2.0,11
240.0,221.0,85.0,9
249.0,209.0,52.0,30
241.0,216.0,1.0,42
250.0,184.0,19.0,6
229.0,171.0,29.0,5
104.0,79.0,49.0,17
253.0,235.0,2.0,11
249.0,208.0,47.0,15
252.0,243.0,82.0,3
237.0,201.0,0.0,8
250.0,204.0,6.0,17
251.0,182.0,1.0,7
246.0,204.0,1.0,8
236.0,221.0,116.0,9
250.0,189.0,44.0,2
230.0,164.0,2.0,4
115.0,78.0,7.0,8
249.0,213.0,76.0,12
232.0,211.0,78.0,9
249.0,215.0,52.0,4
253.0,224.0,41.0,12
110.0,86.0,50.0,34
249.0,202.0,25.0,15
244.0,218.0,73.0,20
233.0,168.0,28.0,2
249.0,205.0,13.0,4
243.0,249.0,63.0,6
207.0,96.0,2.0,5
227.0,214.0,93.0,9
253.0,209.0,22.0,6
230.0,143.0,2.0,5
253.0,212.0,13.0,4
248.0,224.0,77.0,10
254.0,185.0,6.0,11
248.0,224.0,72.0,10
237.0,173.0,34.0,2
254.0,189.0,3.0,7
182.0,165.0,13.0,10
106.0,76.0,48.0,17
236.0,104.0,7.0,8
253.0,218.0,3.0,11
253.0,205.0,25.0,6
211.0,96.0,4.0,5
114.0,91.0,51.0,17
229.0,161.0,9.0,5
220.0,171.0,18.0,36
244.0,215.0,33.0,18
0.0,0.0,0.0,26
249.0,206.0,51.0,15
253.0,237.0,1.0,11
245.0,199.0,38.0,3
237.0,204.0,1.0,14
196.0,139.0,9.0,8
253.0,220.0,12.0,7
253.0,207.0,71.0,2
236.0,203.0,102.0,3
104.0,75.0,49.0,17
244.0,221.0,69.0,10
244.0,220.0,75.0,10
220.0,178.0,24.0,18
253.0,209.0,35.0,15
250.0,215.0,61.0,4
254.0,230.0,19.0,6
254.0,243.0,0.0,11
228.0,228.0,227.0,16
250.0,214.0,62.0,15
245.0,232.0,138.0,9
254.0,246.0,1.0,11
242.0,217.0,2.0,56
221.0,186.0,75.0,24
238.0,212.0,1.0,28
254.0,227.0,20.0,6
244.0,142.0,15.0,6
231.0,158.0,3.0,4
250.0,212.0,54.0,15
238.0,207.0,0.0,14
237.0,216.0,84.0,9
234.0,189.0,11.0,3
238.0,211.0,1.0,14
230.0,177.0,19.0,18
232.0,232.0,232.0,16
254.0,243.0,1.0,11
202.0,122.0,35.0,8
237.0,215.0,82.0,9
230.0,184.0,5.0,17
250.0,209.0,61.0,15
229.0,203.0,34.0,5
250.0,211.0,45.0,15
250.0,208.0,71.0,2
134.0,61.0,5.0,8
246.0,205.0,27.0,4
243.0,169.0,15.0,2
251.0,200.0,16.0,15
251.0,195.0,39.0,2
237.0,225.0,118.0,9
233.0,218.0,95.0,9
231.0,159.0,14.0,2
254.0,254.0,1.0,11
210.0,151.0,10.0,18
242.0,210.0,26.0,18
252.0,166.0,19.0,6
246.0,215.0,41.0,18
220.0,218.0,213.0,16
254.0,225.0,104.0,12
230.0,181.0,47.0,12
254.0,248.0,0.0,11
254.0,252.0,1.0,11
246.0,215.0,31.0,18
250.0,223.0,32.0,18
222.0,169.0,20.0,18
225.0,202.0,54.0,9
254.0,251.0,1.0,33
229.0,208.0,67.0,9
172.0,126.0,84.0,8
231.0,166.0,2.0,4
238.0,213.0,0.0,14
247.0,183.0,27.0,2
254.0,249.0,1.0,11
230.0,200.0,1.0,14
227.0,147.0,10.0,8
250.0,215.0,68.0,15
254.0,244.0,0.0,11
242.0,207.0,16.0,18
247.0,171.0,8.0,8
249.0,227.0,88.0,7
245.0,220.0,69.0,10
246.0,190.0,49.0,2
254.0,210.0,25.0,6
245.0,218.0,71.0,10
250.0,207.0,10.0,4
221.0,172.0,35.0,5
193.0,135.0,1.0,5
249.0,221.0,98.0,15
233.0,195.0,28.0,18
245.0,214.0,68.0,7
236.0,118.0,10.0,6
144.0,92.0,6.0,5
244.0,239.0,174.0,9
242.0,215.0,1.0,28
136.0,86.0,40.0,8
255.0,208.0,1.0,11
250.0,208.0,47.0,15
238.0,206.0,1.0,14
254.0,223.0,14.0,7
225.0,190.0,44.0,20
251.0,176.0,41.0,2
249.0,231.0,116.0,7
234.0,184.0,7.0,17
254.0,222.0,10.0,7
250.0,206.0,36.0,15
245.0,224.0,76.0,10
250.0,203.0,56.0,7
209.0,84.0,2.0,5
245.0,223.0,76.0,10
72.0,49.0,4.0,8
217.0,185.0,3.0,8
250.0,201.0,58.0,2
223.0,130.0,3.0,5
254.0,207.0,67.0,2
245.0,221.0,75.0,10
248.0,137.0,16.0,6
245.0,221.0,71.0,10
233.0,198.0,55.0,10
234.0,214.0,76.0,9
241.0,140.0,12.0,6
235.0,185.0,51.0,12
232.0,165.0,2.0,4
236.0,173.0,2.0,4
235.0,203.0,0.0,14
247.0,210.0,39.0,3
231.0,186.0,9.0,3
248.0,182.0,21.0,6
234.0,212.0,70.0,9
238.0,219.0,84.0,9
220.0,134.0,4.0,5
124.0,89.0,35.0,17
235.0,191.0,12.0,18
247.0,206.0,55.0,15
198.0,159.0,2.0,5
118.0,76.0,42.0,17
105.0,82.0,50.0,17
251.0,226.0,7.0,8
231.0,182.0,12.0,18
245.0,142.0,16.0,6
239.0,212.0,1.0,14
238.0,217.0,78.0,9
231.0,185.0,6.0,3
186.0,63.0,4.0,5
244.0,169.0,24.0,2
128.0,95.0,37.0,17
252.0,184.0,25.0,2
242.0,234.0,176.0,9
252.0,200.0,25.0,6
255.0,234.0,55.0,16
255.0,234.0,49.0,16
236.0,181.0,2.0,8
251.0,224.0,64.0,7
255.0,234.0,47.0,224
255.0,234.0,46.0,32
250.0,138.0,5.0,8
252.0,198.0,27.0,2
211.0,152.0,13.0,18
255.0,229.0,104.0,12
230.0,212.0,93.0,18
255.0,233.0,51.0,16
194.0,144.0,36.0,12
215.0,158.0,17.0,12
228.0,151.0,18.0,2
223.0,173.0,21.0,17
239.0,197.0,75.0,3
255.0,227.0,106.0,12
252.0,207.0,4.0,4
149.0,104.0,65.0,8
255.0,226.0,106.0,12
251.0,220.0,66.0,7
217.0,113.0,7.0,5
244.0,189.0,4.0,4
252.0,192.0,39.0,2
231.0,179.0,57.0,7
243.0,205.0,42.0,3
251.0,222.0,34.0,18
234.0,216.0,74.0,9
239.0,214.0,0.0,14
234.0,215.0,79.0,9
247.0,203.0,10.0,17
246.0,222.0,74.0,10
62.0,44.0,5.0,8
234.0,198.0,67.0,3
246.0,222.0,70.0,10
246.0,221.0,73.0,10
246.0,220.0,75.0,10
107.0,84.0,8.0,8
254.0,233.0,120.0,12
251.0,200.0,38.0,15
206.0,163.0,1.0,5
254.0,232.0,119.0,12
228.0,130.0,7.0,5
242.0,211.0,61.0,10
250.0,226.0,77.0,7
70.0,51.0,19.0,16
252.0,170.0,25.0,6
126.0,83.0,44.0,17
237.0,227.0,148.0,9
251.0,205.0,11.0,4
254.0,253.0,2.0,11
254.0,252.0,2.0,11
242.0,225.0,50.0,16
252.0,185.0,19.0,2
251.0,211.0,37.0,15
232.0,156.0,2.0,4
244.0,179.0,2.0,4
251.0,208.0,42.0,15
222.0,180.0,57.0,12
221.0,208.0,91.0,16
239.0,184.0,32.0,3
252.0,186.0,6.0,15
234.0,200.0,81.0,3
230.0,193.0,63.0,3
243.0,205.0,2.0,8
111.0,88.0,52.0,17
242.0,215.0,67.0,10
240.0,215.0,0.0,42
150.0,110.0,6.0,8
253.0,204.0,4.0,7
219.0,184.0,72.0,3
244.0,209.0,20.0,18
255.0,134.0,14.0,6
248.0,234.0,1.0,8
229.0,146.0,16.0,5
251.0,247.0,78.0,3
216.0,151.0,19.0,12
252.0,216.0,70.0,15
252.0,215.0,84.0,12
245.0,176.0,20.0,2
244.0,207.0,19.0,18
252.0,224.0,16.0,6
253.0,205.0,0.0,11
116.0,88.0,53.0,17
125.0,74.0,39.0,17
207.0,159.0,45.0,12
240.0,215.0,1.0,14
228.0,181.0,5.0,3
244.0,207.0,14.0,18
203.0,158.0,10.0,17
210.0,194.0,60.0,16
252.0,223.0,12.0,7
253.0,202.0,2.0,4
248.0,213.0,12.0,18
253.0,199.0,37.0,2
228.0,187.0,13.0,18
229.0,156.0,13.0,3
253.0,203.0,16.0,7
252.0,223.0,102.0,15
253.0,219.0,1.0,11
220.0,172.0,9.0,5
191.0,138.0,29.0,12
231.0,213.0,82.0,9
253.0,209.0,4.0,4
254.0,179.0,3.0,15
249.0,187.0,34.0,2
232.0,189.0,18.0,3
248.0,215.0,52.0,4
236.0,209.0,0.0,14
253.0,208.0,3.0,4
252.0,225.0,30.0,7
252.0,230.0,13.0,6
252.0,218.0,90.0,12
253.0,209.0,2.0,4
251.0,230.0,114.0,4
228.0,157.0,32.0,3
248.0,196.0,42.0,4
215.0,167.0,16.0,18
247.0,223.0,76.0,10
247.0,222.0,78.0,10
232.0,172.0,8.0,3
253.0,183.0,6.0,22
251.0,230.0,72.0,7
247.0,221.0,84.0,7
108.0,69.0,8.0,8
251.0,230.0,63.0,7
252.0,201.0,47.0,2
255.0,234.0,123.0,12
252.0,209.0,12.0,4
244.0,197.0,5.0,17
247.0,219.0,91.0,12
243.0,211.0,85.0,12
255.0,233.0,121.0,12
251.0,228.0,72.0,7
239.0,202.0,90.0,3
243.0,211.0,67.0,10
251.0,224.0,103.0,15
238.0,228.0,158.0,9
198.0,80.0,8.0,5
255.0,255.0,0.0,338
252.0,199.0,34.0,2
251.0,224.0,93.0,15
255.0,235.0,55.0,16
234.0,220.0,125.0,9
251.0,227.0,52.0,7
215.0,171.0,3.0,5
235.0,199.0,24.0,18
252.0,211.0,53.0,15
252.0,220.0,9.0,7
251.0,238.0,81.0,3
178.0,139.0,5.0,5
231.0,198.0,64.0,3
252.0,216.0,15.0,7
245.0,178.0,3.0,4
118.0,87.0,54.0,17
156.0,142.0,65.0,8
249.0,172.0,24.0,6
247.0,227.0,71.0,3
246.0,136.0,12.0,6
253.0,179.0,23.0,6
243.0,217.0,74.0,10
223.0,179.0,48.0,12
247.0,225.0,75.0,10
